20250413_example
20250416003049824267
20250416003049831774
20250416073940185627
20250416073940260927
20250416074310862306
20250416074310897679
20250416074404667190
20250416074404690181
20250416074450282666
20250416074450492983
20250416074556688442
20250416074556936019
20250416074646481490
20250416074646486393
20250416074747573226
20250416074747906932
20250418154636690427
20250418154636740643
20250418154707493466
20250418154707534866
20250418154909410535
20250418154909458436
20250418155006723899
20250418155007065258
20250419051506824339
20250419051506903664
20250419070911303441
20250419070911486260
20250419071056363866
20250419071056410690
20250419113823400259
20250419113823486546
20250419114002749466
20250419114002851372
